cs
1048729861164912641 1033107225856958464 1036691894410063873 1048122413374947328 1045000780833378304 1020066565948133376 1057120980513050624 1054771723936116737 1019994908617211904
cinema
1071182761048858629 1071040553372942338 885047354910494724 681811020524982272 948563623257010176 1013759167293771776 1062018953344573440 1072897139204775936 1073393967067226113
tech
1075459986589868032 1073535042096386049 1072898370371497985 1016368244272312320 1069730133228089344 934129365172084736 1037713677502177280 1049986902999359489 1056938990488707072 1063198550971027456 1069599767179739136
politics
1074698773417254912 1073647707477213186 1076161017242157057 1074098455847600128 1074974028761362432 1076451802776829952 1077358372549124096
economics
996768207850614784 1032696808068325377 948975000131919873 1060205763040145408 991682206585229313 989615548433510400 1072198816470773760 1010660982702551040 1028305457037889536 989859504874512386
