sport
1047476937160048640 1031988362201116672 1034803290666688512 1068902550206738435 1072075896432066560 1061667614773063681 1071750824320208896 1076888804508741632
music
1030147281805168641 1076236696621068288 1000387233071992832 413216583809384448 911174880841928704 1066844749032841216
food
1069261081116332033 1061727224292917248 995083683131478017 1045648686439714817 1073480282207076354 1071504444766986243 1071160658824187904 1077415676921315328
science
1041446893505716224 1004362785747275776 1034457340651728897 220244092033052672 1036951510343733249 1000406453637795842 1004339060968706048 1068562868847677442 1012644603265277953
cars
15553853958 19756296215465986 29412469831 978750913118208 967419380073226241 8135435620450304 6762118780 413075510730964992 853558467239583744 423916060224811008
